2 0.041631944444444444 0.32352430555555556 0.026440972222222213 0.038396990740740745
2 0.08809027777777778 0.434056712962963 0.04124421296296297 0.051417824074074046
2 0.25189236111111113 0.2876736111111111 0.038437500000000034 0.04351851851851851
2 0.25429976851851854 0.35228587962962965 0.023964120370370344 0.04921875
2 0.22803819444444445 0.8217592592592592 0.035543981481481524 0.04730902777777786
2 0.039027777777777786 0.8147280092592591 0.0769849537037037 0.02311921296296262
2 0.3781597222222222 0.8536168981481481 0.06178819444444441 0.056076388888888926
2 0.8343055555555555 0.8647858796296297 0.04358796296296319 0.05150462962962976
2 0.5780844907407408 0.9132523148148148 0.03484953703703706 0.03559027777777786
2 0.8903530092592593 0.3793981481481482 0.05342013888888886 0.04641203703703702
2 0.7741203703703704 0.30185185185185187 0.05758101851851834 0.10347222222222223
2 0.5408449074074074 0.31828703703703703 0.03162615740740744 0.020659722222222232
2 0.64015625 0.418287037037037 0.03365740740740737 0.04178240740740744
