2 0.07059027777777778 0.32352430555555556 0.02532986111111111 0.038396990740740745
2 0.1270486111111111 0.434056712962963 0.0397627314814815 0.051417824074074046
2 0.27835069444444444 0.2876736111111111 0.03718750000000002 0.04351851851851851
2 0.28652199074074075 0.35228587962962965 0.022528935185185263 0.04921875
2 0.30199652777777775 0.8217592592592592 0.03417824074074076 0.04730902777777786
2 0.1117361111111111 0.8147280092592591 0.07638310185185185 0.02311921296296262
2 0.45545138888888886 0.8536168981481481 0.06019097222222225 0.056076388888888926
2 0.9140972222222222 0.8647858796296297 0.04210648148148159 0.05150462962962976
2 0.6613483796296297 0.9132523148148148 0.03383101851851862 0.03559027777777786
2 0.9270891203703704 0.3793981481481482 0.05210069444444443 0.04641203703703702
2 0.8035648148148148 0.30185185185185187 0.05457175925925917 0.10347222222222223
2 0.5709837962962963 0.31828703703703703 0.031047453703703633 0.020659722222222232
2 0.6795312499999999 0.418287037037037 0.032453703703703596 0.04178240740740744
