2 0.0609375 0.32578125 0.02421875 0.0375
2 0.1140625 0.43828125 0.03828125 0.05
2 0.26953125 0.29765625 0.0359375 0.0421875
2 0.27578125 0.3625 0.02109375 0.0484375
2 0.27734375 0.83203125 0.0328125 0.04609375
2 0.0875 0.81796875 0.07578125 0.0203125
2 0.4296875 0.86953125 0.05859375 0.05390625
2 0.8875 0.89765625 0.040625 0.05
2 0.63359375 0.93671875 0.0328125 0.034375
2 0.91484375 0.41328125 0.05078125 0.04453125
2 0.79375 0.33125 0.0515625 0.1015625
2 0.5609375 0.3390625 0.03046875 0.01953125
2 0.66640625 0.44296875 0.03125 0.040625
