2 0.24832669218749998 0.3496856765625 0.26880909218750004 0.34755771874999997 0.2794162109375 0.3151983296875 0.26505744375 0.2790723734375 0.273598871875 0.22103622656250002 0.27384778593750003 0.2098350546875 0.2345674046875 0.19760855 0.2240920578125 0.22403825156249998 0.23966640625000002 0.23512123906250001 0.239550803125 0.29968373125 0.2354486328125 0.335946434375 0.24832669218749998 0.3496856765625
2 0.10399941406249999 0.4370550125 0.1203204859375 0.41453545937499997 0.170074653125 0.34104223125 0.16673355 0.3133986828125 0.12986098125 0.3114973671875 0.1178579 0.347358709375 0.1034411671875 0.373157559375 0.07290805156249999 0.382606821875 0.058375151562500005 0.41367714843750003 0.075736675 0.4333118921875 0.10399941406249999 0.4370550125
2 0.35217545625 0.36341013437499997 0.3311504125 0.3380222296875 0.3047923171875 0.3301631359375 0.29960703125 0.3558936046875 0.30171664531250003 0.3795938 0.3240155171875 0.384699240625 0.3449677296875 0.391131821875 0.35217545625 0.36341013437499997
2 0.35951879375 0.285076634375 0.3410830296875 0.298931640625 0.3419338328125 0.3200058515625 0.368144834375 0.32705855 0.3803341578125 0.3124745515625 0.37360930937500003 0.28880854375 0.35951879375 0.285076634375
2 0.11290475312499999 0.2439661390625 0.074107834375 0.23964197812500002 0.0408794265625 0.25174651406250004 0.04492265625 0.2774086234375 0.07533988750000001 0.30287634531249996 0.10508107656250001 0.2993616609375 0.120860090625 0.2715764828125 0.11290475312499999 0.2439661390625
2 0.1095727 0.9484070750000001 0.12027534687500001 0.9215909859375 0.1528073140625 0.9023365374999999 0.16439618125 0.8624427953125 0.1583569875 0.8399092156249999 0.1250571828125 0.84015588125 0.121399521875 0.8576019828125 0.10384995625 0.8848749703125 0.079073915625 0.9028827109374999 0.040766840625 0.9411924328125 0.052104775000000006 0.966063325 0.09232805937500001 0.975271621875 0.1095727 0.9484070750000001
2 0.209948371875 0.8900304609375 0.227945246875 0.8560296796875001 0.24426262968749998 0.7638145984375 0.2424525390625 0.738279478125 0.22447491249999998 0.7379332328125 0.20629939218749999 0.7599373125 0.2029696828125 0.802741065625 0.18842135468750001 0.842063078125 0.17236714375 0.8689188078125 0.1832028 0.8896339484375 0.209948371875 0.8900304609375
2 0.3119459640625 0.875015553125 0.3180305984375 0.875468446875 0.3012692703125 0.87390538125 0.29320865937499996 0.888819090625 0.3028558375 0.909543034375 0.3236673609375 0.909388875 0.3351896921875 0.8992036234375 0.3119459640625 0.875015553125
2 0.33700833281250003 0.7906064671874999 0.31187951406250003 0.7977748546875 0.320798915625 0.824446571875 0.3316873921875 0.8427847578125001 0.36157732187499997 0.8354326890625 0.34903671875 0.8111653359375 0.33700833281250003 0.7906064671874999
2 0.063271528125 0.7752561484375 0.0606549265625 0.7859700593750001 0.0765521046875 0.7929829640625 0.0850215921875 0.78638419375 0.0756699 0.7791656031249999 0.063271528125 0.7752561484375
2 0.6389908203125 0.8753200874999999 0.57998433125 0.8819807578125 0.5649997390625 0.9141763171875 0.5845440109375 0.944334171875 0.630488628125 0.9368631796875 0.6566918187499999 0.908150340625 0.6389908203125 0.8753200874999999
2 0.913702321875 0.8735673687500001 0.8931949875 0.8867913406250001 0.8952691843749999 0.9004416953125001 0.9186978078125 0.9163094546874999 0.9326650828125 0.903134903125 0.9294014328125 0.8894933593750001 0.913702321875 0.8735673687500001
2 0.8870878687499999 0.7602812421875 0.8791994359374999 0.7407325515625 0.8597084640625001 0.7349345484375001 0.8575001734375001 0.74067555 0.84884733125 0.768882471875 0.843363215625 0.8016013093750001 0.8424647562500001 0.8152736828125 0.8571856984374999 0.8217006734375 0.881472678125 0.7989424546875 0.8870878687499999 0.7602812421875
2 0.6389908203125 0.8753200874999999 0.57998433125 0.8819807578125 0.5649997390625 0.9141763171875 0.5845440109375 0.944334171875 0.630488628125 0.9368631796875 0.6566918187499999 0.908150340625 0.6389908203125 0.8753200874999999
2 0.6810406687499999 0.8491271265625 0.6897486328125 0.8318408500000001 0.6650784078124999 0.8450868703125 0.6420997390625 0.8624876453124999 0.6639158421875 0.8706440109375 0.681767903125 0.8699181203125 0.6892470046875 0.8544140921875 0.6810406687499999 0.8491271265625
2 0.710478559375 0.835402503125 0.69475703125 0.847243590625 0.70573795625 0.861421621875 0.7192826609375 0.8672626953125 0.7321264968750001 0.8511262515625001 0.7293509546875 0.842234215625 0.710478559375 0.835402503125
2 0.646419878125 0.7751145546875 0.645508225 0.789380678125 0.6645497390624999 0.788645978125 0.6689759765625001 0.7767294046875 0.6587746531249999 0.7542276328125 0.646419878125 0.7751145546875
2 0.706899565625 0.7823908703125 0.7124888453125 0.7716539640625 0.70672743125 0.763378675 0.700372265625 0.7551077828125 0.6907232859375 0.754544596875 0.6801148875 0.7570397718749999 0.6809873921875 0.77129365625 0.6843434890625 0.7807750437500001 0.6908977000000001 0.7801328421875 0.6997780171875 0.7818489937499999 0.706899565625 0.7823908703125
2 0.6954068796875 0.35142196875 0.698114909375 0.3376043765625 0.68304930625 0.326739265625 0.66524108125 0.33124838749999996 0.6614385421875 0.340275071875 0.6570763890625 0.3475063953125 0.67636829375 0.343764475 0.6883884765625 0.34307495 0.6954068796875 0.35142196875
2 0.7279728734375001 0.3175866609375 0.7149248703125 0.310484303125 0.7065329203124999 0.3099469546875 0.6889484593749999 0.31787573125 0.6936588328125 0.3220403421875 0.7085876296875 0.3255287765625 0.71189683125 0.3387022859375 0.7235307296875 0.3284175921875 0.7279728734375001 0.3175866609375
2 0.9121674046875 0.32157391562500004 0.9131803390625001 0.3029698640625 0.9118195531250001 0.28318339843749996 0.8921112843750001 0.2719172015625 0.8917537328125 0.294729571875 0.8848435546875001 0.308578290625 0.883922959375 0.32298313125 0.8848574656249999 0.3349742328125 0.89252881875 0.3409164203125 0.9121674046875 0.32157391562500004
2 0.7334693796875 0.259309440625 0.723196071875 0.23538948906249998 0.705425325 0.22472309687499997 0.6730720703124999 0.2219632453125 0.654648871875 0.22040175 0.6469099828125 0.2377540796875 0.6531001734374999 0.256304775 0.65995859375 0.2718510125 0.6848801 0.28486443125 0.711416103125 0.27926934375 0.7334693796875 0.259309440625
