2 0.2462509765625 0.3015078125 0.2429541015625 0.33774609375 0.2561396484375 0.3515830078125 0.276578125 0.34960644531249996 0.28646777343749996 0.31732031250000003 0.2713037109375 0.28108203125000003 0.278556640625 0.223099609375 0.278556640625 0.2118984375 0.238998046875 0.19937890625000002 0.22910839843750003 0.22573535156250002 0.244931640625 0.23693554687499999 0.2462509765625 0.3015078125
2 0.0675791015625 0.41417773437500005 0.0853798828125 0.43394433593750004 0.11373046875 0.4378974609375 0.1295537109375 0.4154951171875 0.1776826171875 0.3423583984375 0.17372656250000001 0.314685546875 0.1368056640625 0.3125107421875 0.12559765625 0.3482890625 0.111751953125 0.3739853515625 0.081423828125 0.38320996093750004 0.0675791015625 0.41417773437500005
2 0.332619140625 0.38716308593750004 0.3537177734375 0.393751953125 0.36031054687499997 0.3660791015625 0.3387177734375 0.34053125 0.3121806640625 0.33247558593750004 0.30756640625 0.358171875 0.310203125 0.3818916015625 0.332619140625 0.38716308593750004
2 0.38734179687500003 0.31534375 0.38008984375 0.2916240234375 0.3659140625 0.287787109375 0.347783203125 0.3015078125 0.3491025390625 0.322591796875 0.375474609375 0.32983984375 0.38734179687500003 0.31534375
2 0.111751953125 0.300189453125 0.126916015625 0.2725166015625 0.11834570312499999 0.2448427734375 0.0794462890625 0.24023046875 0.0464814453125 0.25209082031249996 0.051095703125 0.277787109375 0.082083984375 0.303484375 0.111751953125 0.300189453125
2 0.0735849609375 0.9666083984375 0.11401953125 0.9761162109375 0.13066992187499998 0.9493750000000001 0.14077832031249998 0.9226337890625 0.17288769531249998 0.9036171875000001 0.183591796875 0.863802734375 0.17705078125 0.8412207031250001 0.1437509765625 0.8412207031250001 0.14048046875 0.858642578125 0.1235341796875 0.8857900390625 0.099154296875 0.9036171875000001 0.0616923828125 0.9416494140625 0.0735849609375 0.9666083984375
2 0.1917080078125 0.8703388671875001 0.20300585937500001 0.8911376953125 0.2297646484375 0.891732421875 0.24700878906249998 0.857859375 0.261279296875 0.7657499999999999 0.2589013671875 0.740197265625 0.2409130859375 0.7397177734375 0.2232236328125 0.7615908203124999 0.22084472656249998 0.804376953125 0.20716796875000001 0.84359765625 0.1917080078125 0.8703388671875001
2 0.3439326171875 0.9119365234375 0.35523046875 0.9018349609375 0.3314453125 0.877470703125 0.337541015625 0.87796875 0.3207421875 0.8762812500000001 0.31301171875 0.8911376953125 0.32312109375000003 0.9119365234375 0.3439326171875 0.9119365234375
2 0.38020507812500004 0.8382490234375 0.367123046875 0.813884765625 0.3546357421875 0.7932333984375 0.32966210937499996 0.8002167968749999 0.33917578125 0.8269589843749999 0.3504736328125 0.8453808593750001 0.38020507812500004 0.8382490234375
2 0.102513671875 0.7871435546875001 0.093 0.7798544921875 0.08051269531250001 0.7758525390625 0.0781337890625 0.786548828125 0.094189453125 0.7936806640625 0.102513671875 0.7871435546875001
2 0.6514150390625 0.9416884765625 0.676984375 0.9131650390624999 0.65855078125 0.8801982421875 0.5996826171875 0.8864228515624999 0.5854111328125 0.9185126953125 0.60562890625 0.9488203125 0.6514150390625 0.9416884765625
2 0.9528916015625001 0.9101933593749999 0.94932421875 0.896525390625 0.9332685546875 0.8804804687500001 0.9130517578124999 0.8935546875 0.9154296875 0.9072226562499999 0.93921484375 0.9232666015625 0.9528916015625001 0.9101933593749999
2 0.87558984375 0.8281865234374999 0.899375 0.8056044921875 0.9041318359374999 0.766978515625 0.8958076171875 0.7473681640625001 0.8761845703125 0.7414248046874999 0.874103515625 0.747150390625 0.8660761718750001 0.7752978515625 0.861318359375 0.8079814453124999 0.8607236328125 0.8216494140625 0.87558984375 0.8281865234374999
2 0.6514150390625 0.9416884765625 0.676984375 0.9131650390624999 0.65855078125 0.8801982421875 0.5996826171875 0.8864228515624999 0.5854111328125 0.9185126953125 0.60562890625 0.9488203125 0.6514150390625 0.9416884765625
2 0.70121484375 0.8751123046875 0.7083505859375 0.8596611328125 0.700025390625 0.8543125 0.7083505859375 0.8370878906250001 0.683970703125 0.8501533203125 0.6613749999999999 0.8673867187500001 0.6833759765625 0.8757060546875 0.70121484375 0.8751123046875
2 0.7511640625 0.8566904296875 0.7481904296875 0.8477763671874999 0.7291630859375 0.8408037109375 0.7137021484375 0.8525302734375 0.725 0.8667919921875 0.7386767578125 0.872734375 0.7511640625 0.8566904296875
2 0.686349609375 0.7818134765625 0.675646484375 0.759232421875 0.66375390625 0.7800312500000001 0.6631591796875 0.79429296875 0.6821875000000001 0.7936992187499999 0.686349609375 0.7818134765625
2 0.7083505859375 0.7853798828125 0.7172705078125 0.787162109375 0.7244052734374999 0.7877568359375 0.7297568359375 0.7770595703125001 0.723810546875 0.7687402343749999 0.7172705078125 0.7604208984375 0.7076074218749999 0.7597861328125 0.6970527343749999 0.762203125 0.6982421875 0.7764658203125 0.7018095703125 0.7859736328125 0.7083505859375 0.7853798828125
2 0.6841201171875 0.34883203125 0.6961269531250001 0.3482314453125 0.70333203125 0.3566318359375 0.7057333984375 0.34283203125 0.6904238281249999 0.331853515625 0.672712890625 0.33623144531250004 0.6691103515625 0.3452314453125 0.664908203125 0.352431640625 0.6841201171875 0.34883203125
2 0.7195419921874999 0.3440322265625 0.73094921875 0.33383203125 0.7351513671875 0.32303222656249997 0.721943359375 0.31583203125 0.7135380859375 0.315232421875 0.6961269531250001 0.32303222656249997 0.7009306640624999 0.327232421875 0.7159394531250001 0.33083203125 0.7195419921874999 0.3440322265625
2 0.8924482421875 0.3415849609375 0.9002529296875 0.3475849609375 0.9194648437499999 0.32838476562499996 0.920064453125 0.30978515624999997 0.918263671875 0.2899853515625 0.8983017578125001 0.2785712890625 0.8984511718749999 0.301384765625 0.8918476562500001 0.31518457031249997 0.8912470703125001 0.3295849609375 0.8924482421875 0.3415849609375
2 0.6913242187499999 0.2899853515625 0.717740234375 0.2845859375 0.739353515625 0.26478613281249996 0.7285468749999999 0.2407861328125 0.7105361328125 0.229986328125 0.6781162109375 0.22698632812500003 0.6596552734375 0.2252880859375 0.65230078125 0.2425859375 0.6589042968750001 0.261185546875 0.666109375 0.27678515625 0.6913242187499999 0.2899853515625
