2 0.282182834375 0.3496856765625 0.3024748984375 0.34755771874999997 0.30997298125 0.3151983296875 0.2921246015625 0.2790723734375 0.2950825375 0.22103622656250002 0.294252821875 0.2098350546875 0.2537668546875 0.19760855 0.2458295359375 0.22403825156249998 0.26248242187500004 0.23512123906250001 0.2685848890625 0.29968373125 0.26797233125000003 0.335946434375 0.282182834375 0.3496856765625
2 0.1461673171875 0.4370550125 0.16033112656249998 0.41453545937499997 0.20304249843750002 0.34104223125 0.197036603125 0.3133986828125 0.15995460781249998 0.3114973671875 0.1513968453125 0.347358709375 0.13945457187500002 0.373157559375 0.10980975156249999 0.382606821875 0.098258934375 0.41367714843750003 0.1175239078125 0.4333118921875 0.1461673171875 0.4370550125
2 0.3874275171875 0.36341013437499997 0.3639423109375 0.3380222296875 0.3368084859375 0.3301631359375 0.33409765625 0.3558936046875 0.3384913921875 0.3795938 0.3612978875 0.384699240625 0.382884584375 0.391131821875 0.3874275171875 0.36341013437499997
2 0.3872316265625 0.285076634375 0.370117115625 0.298931640625 0.372998228125 0.3200058515625 0.399907190625 0.32705855 0.41070059375 0.3124745515625 0.4016916234375 0.28880854375 0.3872316265625 0.285076634375
2 0.1364822046875 0.2439661390625 0.09724113906250001 0.23964197812500002 0.0651548390625 0.25174651406250004 0.0716725265625 0.2774086234375 0.1045643078125 0.30287634531249996 0.133988209375 0.2993616609375 0.14710243125 0.2715764828125 0.1364822046875 0.2439661390625
2 0.2009939953125 0.9484070750000001 0.20912156406250001 0.9215909859375 0.2398223015625 0.9023365374999999 0.247577184375 0.8624427953125 0.23936342656249998 0.8399092156249999 0.206063621875 0.84015588125 0.2040836234375 0.8576019828125 0.18914825625 0.8848749703125 0.166088903125 0.9028827109374999 0.13144419062499998 0.9411924328125 0.1451855828125 0.966063325 0.1863244359375 0.975271621875 0.2009939953125 0.9484070750000001
2 0.2958189015625 0.8900304609375 0.310553928125 0.8560296796875001 0.31800151875 0.7638145984375 0.31373079375 0.738279478125 0.2957069953125 0.7379332328125 0.2796377671875 0.7599373125 0.2804282046875 0.802741065625 0.269656684375 0.842063078125 0.256177553125 0.8689188078125 0.269016059375 0.8896339484375 0.2958189015625 0.8900304609375
2 0.3964431421875 0.875015553125 0.40257573750000003 0.875468446875 0.385651909375 0.87390538125 0.37902191875 0.888819090625 0.390671946875 0.909543034375 0.4114834703125 0.909388875 0.4220330578125 0.8992036234375 0.3964431421875 0.875015553125
2 0.41339377187500004 0.7906064671874999 0.388937428125 0.7977748546875 0.4004320015625 0.824446571875 0.4130944375 0.8427847578125001 0.44229759843750005 0.8354326890625 0.42741080781249996 0.8111653359375 0.41339377187500004 0.7906064671874999
2 0.13798325312499998 0.7752561484375 0.136396665625 0.7859700593750001 0.15298061406250002 0.7929829640625 0.1608206015625 0.78638419375 0.150767 0.7791656031249999 0.13798325312499998 0.7752561484375
2 0.7237506515625001 0.8753200874999999 0.66534356875 0.8819807578125 0.6534491109375 0.9141763171875 0.6759118921875 0.944334171875 0.7211697406249999 0.9368631796875 0.7446262296875 0.908150340625 0.7237506515625001 0.8753200874999999
2 1 0.874962559375 0.9984893296875 0.8735673687500001 0.9792409937500001 0.8867913406250001 0.9826313656250001 0.9004416953125001 1 0.911477403125 1 0.874962559375
2 0.960945059375 0.7602812421875 0.9511682218749999 0.7407325515625 0.9311049265625 0.7349345484375001 0.9294479890625 0.74067555 0.9235056421875001 0.768882471875 0.9211688375 0.8016013093750001 0.9215865531249999 0.8152736828125 0.9369369937500001 0.8217006734375 0.9590494062499999 0.7989424546875 0.960945059375 0.7602812421875
2 0.7237506515625001 0.8753200874999999 0.66534356875 0.8819807578125 0.6534491109375 0.9141763171875 0.6759118921875 0.944334171875 0.7211697406249999 0.9368631796875 0.7446262296875 0.908150340625 0.7237506515625001 0.8753200874999999
2 0.7633077984375001 0.8491271265625 0.770357096875 0.8318408500000001 0.7469450234375 0.8450868703125 0.72562586875 0.8624876453124999 0.7482430921875001 0.8706440109375 0.766037978125 0.8699181203125 0.7720291890625 0.8544140921875 0.7633077984375001 0.8491271265625
2 0.7914448421875 0.835402503125 0.7768525390625001 0.847243590625 0.7892068140624999 0.861421621875 0.8033237484375 0.8672626953125 0.8146226125 0.8511262515625001 0.8109886796874999 0.842234215625 0.7914448421875 0.835402503125
2 0.7215339984375 0.7751145546875 0.7219956953125 0.789380678125 0.7409800343749999 0.788645978125 0.74426171875 0.7767294046875 0.7318859234375 0.7542276328125 0.7215339984375 0.7751145546875
2 0.78275763125 0.7823908703125 0.7873168046875 0.7716539640625 0.7807542671875 0.763378675 0.77359798125 0.7551077828125 0.7638878765625 0.754544596875 0.7535122249999999 0.7570397718749999 0.7557581734375 0.77129365625 0.7600298390625 0.7807750437500001 0.7665268734375 0.7801328421875 0.7755788124999999 0.7818489937499999 0.78275763125 0.7823908703125
2 0.7297492046875 0.35142196875 0.7311283640624999 0.3376043765625 0.7150055703125 0.326739265625 0.6976189234375 0.33124838749999996 0.6946830515625 0.340275071875 0.69101425 0.3475063953125 0.7099595265625 0.343764475 0.7219218749999999 0.34307495 0.7297492046875 0.35142196875
2 0.7590796796875 0.3175866609375 0.745338325 0.310484303125 0.7368886359375 0.3099469546875 0.720055265625 0.31787573125 0.725170103125 0.3220403421875 0.7404455296875 0.3255287765625 0.7450258609375 0.3387022859375 0.7556775171875 0.3284175921875 0.7590796796875 0.3175866609375
2 0.9437896406249999 0.32157391562500004 0.9430115015625 0.3029698640625 0.9397440687499999 0.28318339843749996 0.91893666875 0.2719172015625 0.9207759687499999 0.294729571875 0.9151946609375001 0.308578290625 0.915660771875 0.32298313125 0.91775083125 0.3349742328125 0.9259999640625001 0.3409164203125 0.9437896406249999 0.32157391562500004
2 0.758967303125 0.259309440625 0.746382884375 0.23538948906249998 0.7275721578125001 0.22472309687499997 0.6949300125 0.2219632453125 0.6763432796875 0.22040175 0.670270109375 0.2377540796875 0.678251375 0.256304775 0.6866119796875 0.2718510125 0.712804615625 0.28486443125 0.7388206734375 0.27926934375 0.758967303125 0.259309440625
