2 0.7890625 0.3291015625 0.7734375 0.3212890625 0.759765625 0.3212890625 0.7509765625 0.33984375 0.744140625 0.3642578125 0.771484375 0.3740234375 0.775390625 0.3701171875 0.7890625 0.3291015625
2 0.8994140625 0.396484375 0.8984375 0.3876953125 0.890625 0.3798828125 0.87890625 0.3759765625 0.869140625 0.3798828125 0.8681640625 0.3876953125 0.875 0.4052734375 0.892578125 0.4091796875 0.8994140625 0.396484375
2 0.767578125 0.28125 0.767578125 0.2900390625 0.775390625 0.2900390625 0.7763671875 0.283203125 0.767578125 0.28125
2 0.8876953125 0.8974609375 0.8955078125 0.884765625 0.892578125 0.87109375 0.880859375 0.8623046875 0.8671875 0.865234375 0.865234375 0.8740234375 0.8720703125 0.8896484375 0.880859375 0.8974609375 0.8876953125 0.8974609375
2 0.5712890625 0.826171875 0.572265625 0.798828125 0.564453125 0.7958984375 0.5537109375 0.798828125 0.5478515625 0.8154296875 0.5478515625 0.8427734375 0.5615234375 0.8466796875 0.5595703125 0.8408203125 0.5712890625 0.826171875
2 0.2585234375 0.8743740234375 0.2565703125 0.8782802734375 0.26059918125000003 0.8815033671875 0.2741484375 0.8567958984375 0.2741484375 0.8431240234375 0.2839140625 0.8274990234375 0.27903125 0.8206630859375 0.2819609375 0.8157802734375 0.2780546875 0.8128505859375 0.2819609375 0.8011318359375 0.277078125 0.7972255859375 0.2819609375 0.7845302734375 0.277078125 0.7806240234375 0.280984375 0.7767177734375 0.2741484375 0.7776943359375 0.2761015625 0.7728115234375 0.269265625 0.7571865234375 0.2526640625 0.7493740234375 0.2507109375 0.7581630859375 0.2585234375 0.7894130859375 0.2516875 0.8001552734375 0.24778125 0.8372646484375 0.24438769531250001 0.85090234375 0.253640625 0.8675380859375 0.2585234375 0.8743740234375
2 0.11328125 0.8037109375 0.1064453125 0.798828125 0.0986328125 0.802734375 0.099224609375 0.8111142578124999 0.1064453125 0.8212890625 0.105349609375 0.8117265625 0.11328125 0.8037109375
2 0.0830078125 0.7978515625 0.080078125 0.78515625 0.0576171875 0.787109375 0.0546875 0.794921875 0.060546875 0.8212890625 0.080078125 0.8076171875 0.0830078125 0.7978515625
2 0.2900390625 0.34375 0.2958984375 0.3310546875 0.2919921875 0.326171875 0.2939453125 0.314453125 0.287109375 0.3056640625 0.263671875 0.306640625 0.263671875 0.34375 0.279296875 0.341796875 0.283203125 0.34765625 0.2900390625 0.34375
2 0.130859375 0.42578125 0.1455078125 0.4306640625 0.1513671875 0.423828125 0.1455078125 0.412109375 0.146484375 0.404296875 0.1162109375 0.400390625 0.1025390625 0.4189453125 0.1025390625 0.4296875 0.1142578125 0.4267578125 0.119140625 0.4296875 0.130859375 0.42578125
2 0.1123046875 0.30078125 0.103515625 0.2998046875 0.103515625 0.3095703125 0.107421875 0.310546875 0.1142578125 0.3056640625 0.1123046875 0.30078125
2 0.06640625 0.3154296875 0.078125 0.3076171875 0.083984375 0.2900390625 0.0732421875 0.2841796875 0.048828125 0.283203125 0.0390625 0.3017578125 0.0380859375 0.3095703125 0.041015625 0.3125 0.0556640625 0.3173828125 0.06640625 0.3154296875
