2 0.7478660296874999 0.2875217015625 0.7383897562499999 0.3064670140625 0.7306495953125001 0.3311848953125 0.7576316546874999 0.33973524374999997 0.76168258125 0.33565538125 0.776873553125 0.29403211875 0.7615379046874999 0.2869140625 0.7478660296874999 0.2875217015625
2 0.876555265625 0.34029947968749996 0.8649811921874999 0.3369140625 0.855070890625 0.34125434062500004 0.8538049765625001 0.34911024375 0.8599898734375 0.3663845484375 0.877423321875 0.3695095484375 0.88472945625 0.3565104171875 0.8840784140625001 0.34776475625000003 0.876555265625 0.34029947968749996
2 0.7646484375 0.25557725625 0.7658781828125 0.24869791718749998 0.7571614578125 0.24713541718749998 0.7568359375 0.2559244796875 0.7646484375 0.25557725625
2 0.86031539375 0.8314236109375001 0.8489221640625001 0.82315538125 0.8351417828125 0.8266927078125 0.8328631359375 0.8355685765624999 0.8391203703125001 0.85088975625 0.84762008125 0.85831163125 0.85445601875 0.8580078125 0.862738715625 0.844965278125 0.86031539375 0.8314236109375001
2 0.5349754046874999 0.77081163125 0.5241247109375 0.77421875 0.5176504625 0.7910807296875 0.51663773125 0.8184244796875 0.5301649312500001 0.821723090625 0.5284288187499999 0.8159505203125 0.5406901046875 0.80078125 0.5426793984375 0.7733940968749999 0.5349754046874999 0.77081163125
2 0.2279509078125 0.86992118125 0.24241525625000002 0.8446115234375 0.24292162187500002 0.8309396484375 0.25326594999999996 0.8148806203125 0.2486363203125 0.8082616968749999 0.251746853125 0.8032486765625 0.2479491109375 0.8004925999999999 0.25228938749999996 0.7886002390625 0.24755125156250002 0.7849110031250001 0.25290426093749996 0.7719986765625 0.24816612343750002 0.7683094406250001 0.25221705 0.7642295796874999 0.24534494375000002 0.7655099609375 0.2474789140625 0.7605403421875 0.24122167968750002 0.7452191625 0.22490946875 0.738144509375 0.2226308234375 0.747020378125 0.229285915625 0.7779231546875 0.22205211875000003 0.7889691625 0.2167714484375 0.8262521484375001 0.21287279374999998 0.84004066875 0.22150958437499998 0.85626516875 0.22613921406249998 0.8628840921875 0.2240414140625 0.8668771484375 0.2279509078125 0.86992118125
2 0.068901909375 0.79835069375 0.069183340625 0.8067042750000001 0.0760271984375 0.816558159375 0.07528566249999999 0.8070443578125 0.083514178125 0.798676215625 0.0768590859375 0.794097221875 0.068901909375 0.79835069375
2 0.0284649890625 0.7845486109375 0.0252459484375 0.79249131875 0.0301287609375 0.818598090625 0.050166376562500004 0.804058159375 0.053457754687500005 0.7941623265625 0.0509982640625 0.781597221875 0.0284649890625 0.7845486109375
2 0.2799117484375 0.31319444375 0.2822989 0.3013888890625 0.275788484375 0.2929036453125 0.2523148140625 0.294921875 0.25094039375 0.33203125 0.26663773125 0.32938368125 0.2703269671875 0.33506944375000003 0.27730758125 0.330859375 0.28363715312500004 0.31790364531250004 0.2799117484375 0.31319444375
2 0.13566985 0.41710069375 0.1302445015625 0.4056423609375 0.1315104171875 0.3977864578125 0.1013816546875 0.39522569375 0.08702256875 0.4143880203125 0.0866247109375 0.4251302078125 0.0984519671875 0.4216796875 0.10322627343749999 0.4243923609375 0.11508969843750001 0.419965278125 0.1295572921875 0.4241970484375 0.13566985 0.41710069375
2 0.0920500578125 0.30496961875 0.09592013906249999 0.30577256875000003 0.102936921875 0.3005859375 0.101164640625 0.29578993124999997 0.0924117484375 0.29520399375 0.0920500578125 0.30496961875
2 0.0732421875 0.2863064234375 0.06271701406249999 0.2809244796875 0.0383391203125 0.2810329859375 0.027886284374999997 0.3000217015625 0.026620370312500002 0.3078776046875 0.0294415515625 0.3106770828125 0.043909143750000004 0.31490885468749996 0.054723668749999996 0.31247829843749997 0.06673177031250001 0.30414496562500004 0.0732421875 0.2863064234375
