2 0.75262586875 0.2931495953125 0.7434244796875 0.312029803125 0.7360460062499999 0.3366970484375 0.76317274375 0.3454499421875 0.7671657984375 0.341399015625 0.78174913125 0.299877025 0.76629774375 0.2926432296875 0.75262586875 0.2931495953125
2 0.882183159375 0.3468967015625 0.870551215625 0.3434244796875 0.860698784375 0.34769241875 0.8595486109375001 0.3555410875 0.8659939234375 0.3728660296875 0.88348524375 0.3761212390625 0.8906032984375001 0.36317274374999997 0.8898220484375001 0.35441985 0.882183159375 0.3468967015625
2 0.7689453125 0.261320890625 0.770073784375 0.25444878437499996 0.761328125 0.25282118124999997 0.7611328125 0.26161024374999997 0.7689453125 0.261320890625
2 0.8732204859375001 0.8380353015625 0.8616970484375001 0.829680265625 0.84796006875 0.8331163187499999 0.8458116312499999 0.8419777203125 0.852300346875 0.8573495375 0.8609157984375001 0.864836515625 0.8677517359375001 0.8645833328125001 0.8758463546874999 0.85159866875 0.8732204859375001 0.8380353015625
2 0.5467664937500001 0.774992765625 0.5359592015625 0.7783203125 0.529730903125 0.7951388890625 0.5291232640625 0.8224826390625 0.5427083328125 0.8258825234374999 0.5408854171875 0.8200954859375 0.5529296875 0.8050130203125001 0.5545138890625 0.7776331015625 0.5467664937500001 0.774992765625
2 0.24101021718750001 0.8718515453125001 0.25510852812499996 0.846642253125 0.2554123484375 0.832970378125 0.2655251953125 0.8169836874999999 0.2607942921875 0.8103285953125001 0.2638324875 0.805337275 0.25999134062499996 0.8025522640625 0.2641580078125 0.7906888375000001 0.2593620015625 0.7869634328124999 0.26452693125 0.7740872750000001 0.259730925 0.7703618703124999 0.2637239796875 0.7663109453125 0.25686634062499997 0.767540690625 0.25892797343749996 0.7625855390625 0.2524392578125 0.747213721875 0.23601130625 0.7400160953125 0.23386286875 0.7488774953124999 0.24098092499999998 0.7798381437499999 0.23390627187500002 0.7908335140625 0.22917536875 0.828087565625 0.22547875468749998 0.8418509468750001 0.2343620015625 0.8581439890624999 0.23909290312499998 0.8647990812499999 0.23705297343749998 0.86877766875 0.24101021718750001 0.8718515453125001
2 0.0807942703125 0.7990813078125 0.0811998484375 0.807439271875 0.08819444374999999 0.81734664375 0.087311240625 0.807824725 0.09542100625 0.7995153359375 0.0886935765625 0.79488570625 0.0807942703125 0.7990813078125
2 0.04012586875 0.7849754046874999 0.03702256875 0.7928964125 0.042296006250000004 0.8190465859374999 0.0621310765625 0.80465133125 0.06527777812499999 0.7947771984374999 0.0626302078125 0.78219039375 0.04012586875 0.7849754046874999
2 0.2847439234375 0.31535735 0.286957465625 0.3035662609375 0.280316840625 0.29503038125000003 0.25685763906250003 0.296875 0.2560329859375 0.333984375 0.2717013890625 0.331452546875 0.27547743125 0.3371672453125 0.2824001734375 0.3330078125 0.28854166718749996 0.3200954859375 0.2847439234375 0.31535735
2 0.141948784375 0.4182219328125 0.1363498265625 0.406720196875 0.1375 0.39887152812500004 0.10731336875 0.396086515625 0.09322916718749999 0.41514756875 0.09299045156249999 0.42588975625 0.10477430624999999 0.4225260421875 0.1095920140625 0.425274884375 0.12139756875 0.42093460625 0.1359375 0.425274884375 0.141948784375 0.4182219328125
2 0.096636284375 0.3057364 0.10052083281249999 0.3065682875 0.107465278125 0.3014322921875 0.10562065937500001 0.2966218171875 0.0968532984375 0.295970775 0.096636284375 0.3057364
2 0.0775390625 0.2869285296875 0.06692708281250001 0.2814670140625 0.042534721875 0.2813946765625 0.0323567703125 0.300311053125 0.031206596875 0.30815972187499996 0.03407118125 0.31098090312500004 0.0486111109375 0.31532118124999997 0.0593967015625 0.312970196875 0.0712890625 0.30472366875 0.0775390625 0.2869285296875
